%YAML:1.0
---
M1: !!opencv-matrix
   rows: 3
   cols: 3
   dt: f
   data: [2.6316443494311443e+02, 0., 3.4507117239857922e+02, 0., 2.6372648861345988e+02, 2.5010274776050247e+02, 0., 0., 1.]
D1: !!opencv-matrix
   rows: 1
   cols: 4
   dt: f
   data: [ -4.9719889391389202e-02, -1.0059669267527592e-02, 1.4526934808793612e-02, -7.9089667662734613e-03]
M2: !!opencv-matrix
   rows: 3
   cols: 3
   dt: f
   data: [ 159.3846891377024, 0.0, 90.30618690534223, 0.0, 159.7250951258674, 251.1442380686357, 0.0, 0.0, 1.0]



